84
74
59
34
83
80
38
21
79
35
64
11
80
36
13
7
60
42
25
54
1
59
99
29
9
97
61
76
85
24
14
92
13
81
13
43
67
51
19
32
85
22
60
15
49
38
72
70
35
56
86
65
96
6
71
52
73
85
100
45
63
72
45
82
38
40
73
41
57
58
39
82
72
84
79
47
68
1
99
29
94
16
21
40
22
34
62
52
41
78
99
28
57
34
100
3
69
55
47
24
15
70
78
27
52
29
38
50
97
97
28
85
2
35
44
79
28
71
35
24
9
7
96
77
36
84
97
82
76
43
81
87
32
59
15
78
86
2
69
85
43
27
100
34
38
14
60
87
51
88
23
9
35
94
96
91
24
44
44
59
8
49
69
85
45
33
84
46
12
44
33
48
81
9
32
65
32
72
87
43
45
48
9
52
74
26
100
52
39
88
19
1
37
75
89
21
92
5
66
4
94
90
60
19
15
5
15
80
18
89
1
3
44
86
23
76
43
66
61
77
61
75
75
35
30
47
58
63
78
77
96
77
96
87
16
25
48
64
24
46
18
81
8
27
51
3
66
90
6
76
54
3
23
12
73
6
42
99
20
73
75
61
4
63
90
31
92
37
97
92
68
59
49
1
40
24
39
3
61
11
94
79
87
90
27
29
36
65
34
82
49
78
46
13
74
65
73
38
15
89
13
48
55
48
54
61
74
33
98
36
26
25
38
35
21
56
88
93
28
73
23
5
90
52
94
98
32
67
25
37
95
20
38
65
83
95
63
80
84
19
84
80
73
58
32
43
28
30
97
39
65
43
45
90
11
32
29
82
57
16
78
84
85
45
85
94
64
80
70
55
5
98
13
40
32
84
26
79
64
35
15
27
37
92
53
64
90
54
72
40
19
44
26
8
72
47
42
76
60
55
42
68
35
91
67
75
3
50
34
41
77
94
88
27
72
30
38
63
23
15
74
3
41
3
42
75
92
98
100
36
57
39
54
99
53
95
28
51
28
32
78
36
26
63
90
25
13
67
72
77
59
62
66
17
83
35
33
83
70
100
6
4
56
44
42
82
66
85
42
17
90
12
46
81
44
83
88
57
20
52
75
2
56
4
30
33
58
63
16
77
87
56
46
60
87
16
86
76
79
39
2
5
39
81
83
36
6
67
34
65
8
24
16
32
66
50
98
21
65
3
20
93
65
63
43
6
61
14
19
61
94
86
60
58
40
66
5
56
37
1
83
82
97
6
25
69
47
71
72
13
52
8
6
25
88
30
92
59
28
99
59
68
30
85
58
85
47
86
36
70
36
81
32
41
94
8
45
56
89
87
78
60
7
33
27
15
36
26
10
73
78
64
64
22
68
23
93
31
4
29
73
89
34
62
87
5
100
64
96
43
80
82
30
27
61
23
95
75
56
43
16
85
55
75
15
15
21
39
2
82
69
55
71
33
64
47
58
25
38
91
72
67
87
39
38
5
33
34
88
24
45
93
36
84
1
46
24
10
36
75
68
94
62
23
61
90
68
88
69
26
10
74
61
70
63
4
20
51
89
69
73
59
72
27
32
5
25
34
67
60
9
54
60
41
40
47
83
90
25
21
7
12
79
74
88
29
84
73
57
50
26
47
57
45
14
79
55
54
92
63
36
56
34
73
90
92
95
72
57
12
1
18
81
100
72
64
88
20
6
5
65
8
90
89
65
36
19
32
22
50
49
71
30
6
73
36
99
17
82
79
62
17
27
74
20
77
11
88
96
2
48
59
91
62
6
42
38
12
2
15
26
94
60
79
51
26
55
100
69
7
65
10
58
98
3
8
86
85
70
46
69
34
1
58
34
22
45
9
61
49
56
22
59
69
77
91
48
70
93
49
58
30
92
25
17
63
23
97
15
26
55
1
31
100
62
75
98
34
7
25
12
12
89
53
68
57
36
15
64
75
33
98
57
7
95
80
94
38
29
32
86
99
10
17
44
83
95
45
59
69
36
41
42
71
97
86
37
85
70
10
24
35
25
14
78
14
13
25
7
98
90
1
12
53
44
16
98
40
9
7
69
38
56
42
68
46
45
69
85
97
57
58
40
2
18
69
64
7
44
39
57
22
1
91
53
74
93
65
34
19
74
60
71
31
30
88
7
67
91
37
2
46
84
61
45
4
82
15
25
75
16
81
65
69
12
24
63
89
94
80
89
95
48
55
54
80
52
79
25
78
17
61
95
19
41
61
46
100
55
81
96
16
88
64
32
90
81
10
52
3
97
69
65
28
40
9
23
49
53
45
